48.4149195
-4.6234234
48.4155651
-4.623651
48.4160305
-4.6237973
48.4161871
-4.6238512
48.4164428
-4.6239391
48.4166582
-4.6240121
48.4168663
-4.6241077
48.4171004
-4.6242292
48.4173496
-4.6243694
48.417806
-4.6246484
48.4180435
-4.6247762
48.4182985
-4.6249228
48.4187329
-4.6251428
48.4189555
-4.6252519
48.4189983
-4.6252728
48.4190123
-4.6252797
48.419338
-4.6254429
48.4195941
-4.6255791
48.419793
-4.6256729
48.4199011
-4.6257372
48.4200193
-4.6258026
48.4202253
-4.6258396
48.4204487
-4.6258595
48.420535
-4.6257818
48.4206344
-4.6257588
48.420716
-4.6257836
48.4207883
-4.6258456
48.420844
-4.6259386
48.4208769
-4.6260486
48.4208862
-4.6261684
48.4210281
-4.6263386
48.4212986
-4.6265796
48.4217325
-4.6268472
48.4219766
-4.6269971
48.4220854
-4.6270629
48.4223076
-4.6271972
48.4224876
-4.6272738
48.4227002
-4.6273451
48.4228877
-4.6273712
48.4230793
-4.6273773
48.423216
-4.6273777
48.4233115
-4.6273696
48.4234269
-4.6273419
48.4235225
-4.6273091
48.4236657
-4.6272672
48.4237695
-4.6272221
48.4238841
-4.6271583
48.4240317
-4.6270709
48.4242237
-4.626929
48.4244745
-4.6267211
48.4246659
-4.6265711
48.4246712
-4.6265858
48.4246862
-4.6266104
48.4246955
-4.6266196
48.4247164
-4.6266307
48.4247386
-4.6266312
48.4247597
-4.6266211
48.4247777
-4.626601
48.4247848
-4.6265879
48.4247944
-4.6265575
48.4247969
-4.626524
48.424792
-4.6264911
48.4251143
-4.6263265
48.4253384
-4.626212
48.4257347
-4.626011
48.425993
-4.6258598
48.4261166
-4.6257657
48.4262209
-4.6256932
48.4267114
-4.625381
48.426719
-4.6253779
48.4267959
-4.6253247
48.4268996
-4.625239
48.4270467
-4.6250943
48.427215
-4.6249054
48.4272717
-4.6248381
48.4274112
-4.6246729
48.4275265
-4.6245345
48.4277277
-4.6242853
48.4281839
-4.623737
48.4284429
-4.6234458
48.4285706
-4.623362
48.4287403
-4.623249
48.4293061
-4.6229252
48.4294202
-4.622857
48.4294832
-4.6227736
48.4296095
-4.6225359
48.4298154
-4.6222605
48.4299959
-4.6220222
48.4301431
-4.621839
48.4303221
-4.6216722
48.4303878
-4.6216109
48.4305927
-4.6214228
48.4307646
-4.6212647
48.4308417
-4.6212826
48.4309249
-4.6212968
48.4310545
-4.6218586
48.431104
-4.6220808
48.4311394
-4.6222608
48.431198
-4.6225077
48.4314167
-4.6235414
48.4314957
-4.6238959
48.4316302
-4.6244999
48.4317039
-4.6248311
48.431752
-4.6250663
48.4317886
-4.6252338
48.4318192
-4.6253653
48.4318486
-4.6254981
48.431891
-4.6256981
48.4319239
-4.6258536
48.4323815
-4.6273152
48.4324428
-4.6275141
48.4326813
-4.6282679
48.4327774
-4.6286322
48.4328249
-4.6288454
48.4328371
-4.6290714
48.4328316
-4.6292063
48.4328287
-4.6292789
48.4328139
-4.6294473
48.4327687
-4.6296955
48.4327178
-4.6298679
48.4326483
-4.6300512
48.4325245
-4.6303543
48.4324372
-4.6305716
48.4323362
-4.6308176
48.4321268
-4.6313278
48.4319657
-4.631633
48.4319507
-4.6316122
48.4319288
-4.6315977
48.4319049
-4.6315951
48.4318818
-4.6316048
48.4318714
-4.631614
48.4318549
-4.6316387
48.4318448
-4.6316703
48.4318421
-4.631705
48.4318472
-4.6317392
48.4318539
-4.6317578
48.4318679
-4.6317812
48.4318881
-4.6317984
48.4319111
-4.6318046
48.4319341
-4.6317992
48.4319547
-4.6317827
48.4320306
-4.6319533
48.4321349
-4.6321555
48.4324682
-4.6326856
48.4326464
-4.6329392
48.4329197
-4.6333071
48.4330634
-4.6335006
48.4332461
-4.6337622
48.4333415
-4.633908
48.4337319
-4.6345042
48.4339269
-4.6347931
48.4339627
-4.6348502
48.4340124
-4.6349293
48.4340975
-4.6349972
48.434217
-4.6350602
48.4342815
-4.6351631
48.434324
-4.6352426
48.4343286
-4.6353299
48.434303
-4.6353863
48.4344467
-4.6355918
48.4345079
-4.6356793
48.4347115
-4.6360271
48.4348705
-4.6363692
48.4349526
-4.6366426
48.4350343
-4.6370164
48.4351057
-4.6375049
48.4351229
-4.6376365
48.4351542
-4.637882
48.4352244
-4.6384453
48.4352786
-4.6388829
48.4353448
-4.6393981
48.4353811
-4.6397195
48.4354372
-4.6401298
48.4354956
-4.6406111
48.4355862
-4.6413708
48.435626
-4.6416725
48.4356804
-4.6419137
48.4357361
-4.6421179
48.4358287
-4.6423987
48.4359425
-4.6427048
48.4360402
-4.6429342
48.4361315
-4.6431389
48.4362844
-4.643437
48.4363943
-4.6436444
48.4365867
-4.6440075
48.4366673
-4.644178
48.4368506
-4.6446411
48.4369444
-4.6449489
48.4370373
-4.6453041
48.4370929
-4.6456065
48.4371244
-4.6458818
48.4371457
-4.6461928
48.4371503
-4.6465521
48.4371479
-4.6466399
48.4371409
-4.646896
48.437003
-4.6483723
48.4369899
-4.6485292
48.4368892
-4.64974
48.4368521
-4.6501655
48.4367278
-4.6515552
48.4365466
-4.6535818
48.4365201
-4.6550795
48.4364091
-4.6569534
48.4361571
-4.6587206
48.4360749
-4.6595846
48.4360926
-4.6612654
48.4360984
-4.6616542
48.4361046
-4.6645396
48.4361888
-4.665996
48.4363079
-4.6680572
48.4363056
-4.6681142
48.436246
-4.6695761
48.4360039
-4.6714104
48.4359785
-4.671635
48.4350792
-4.6749724
48.4344338
-4.6793294
48.4341956
-4.6825158
48.4339034
-4.6842593
48.4330161
-4.6891735
48.4326156
-4.6922928
48.4325001
-4.6932368
48.4323532
-4.694141
48.4319497
-4.6965041
