48.4324722
-4.7028812
48.4368892
-4.64974
48.4371479
-4.6466399
48.4349526
-4.6366426
48.434303
-4.6353863
48.434217
-4.6350602
48.4340124
-4.6349293
48.4329197
-4.6333071
48.4320306
-4.6319533
48.4319547
-4.6317827
48.4318539
-4.6317578
48.430572
-4.6330643
48.430524
-4.6331179
48.4280984
-4.6397313
48.4251676
-4.6397066
48.4149324
-4.6494782
48.4143378
-4.650242
48.4140392
-4.6495885
48.413994
-4.6493084
48.414148
-4.6488818
48.4177517
-4.6373646
48.4181506
-4.6369101
48.4180859
-4.6368209
48.4177517
-4.6373646
48.414148
-4.6488818
48.413994
-4.6493084
48.4140392
-4.6495885
48.4143378
-4.650242
48.4141534
-4.6506792
48.4010418
-4.6668907
48.3931414
-4.6636097
48.3902883
-4.6609563
48.3893406
-4.6527127
48.3877321
-4.6531012
48.3780308
-4.6438761
48.3771217
-4.6435968
48.3769043
-4.6436032
48.3767869
-4.6436179
48.3750858
-4.6441589
48.3747091
-4.6441202
48.3746032
-4.6448622
48.3745485
-4.6449199
48.3744785
-4.6449607
48.3744656
-4.6450487
